0000100110000010
0000001010000001
0000000110000001
0000100110000001
0000001010000001
0000000110000001
0000101010000001
0000000110000011
0000000110000001
0000100110000010
0000001010000001
0000101110000010
0000000110000100
0000100010000001
0000010010000010
0000100110000001
0000001010000001
0000000110000001
0000000110000001
0000100010000001
0000001110000001
0000000110000010
0000100010000001
0000001110000010
0000101010000001
0000001010000001
0000001110000001
0000100010000001
0000001010000010
0000000110000001
0000100110000001
0000001010000001
0000001010000010
0000100010000001
0000001110000100
0000100010000001
0000001010000001
0000000110000010
0000100110000001
0001000010000011
0000000110000001
0000000110000001
0000100110000011
0000001010000001
0000101010000001
0000001010000011
0000101010000001
0000001110000001
0000101010000001
0000001010000010
0000101110000001
0000001110000100
0000100110000010
0000000110000011
0000101010000001
0000000110000100
0000101010000001
0000000110000100
0000101010000001
0000000110000011
0000000110000001
0000100110000010
0000111010000100
0000000110000010
0000100010000011
0000000110000010
0000101010000011
0000010010000001
0000100010000011
0000001010000011
0000100110000011
0000001110000001
0000100110000001
0000000110000100
0000101010000001
0000000110000010
0000000110000010
0000100110000011
0000000110000001
0000000110000001
0000100110000011
0000001010000010
0000100110000010
0000000110000001
0000000110000010
0000100110000011
0000000110000001
0000000110000001
0000100010000001
0000001110000001
0000001010000001
0000100010000001
0000001110000010
0000101010000001
0000010110000010
0000100010000001
0000001110000001
0000101110000001
0000001010000010
0000101110000001
0000000110000001
0000001110000001
0000100110000001
0000001010000001
0000000110000001
0000000110000001
0000100010000001
0000001010000011
0000000110000001
0000100010000001
0000000110000011
0000000110000010
0000100010000010
0000000110000001
0000000110000010
0000100110000010
0000001110000011
0000100010000001
0000000110000001
0000010010000001
0000100110000011
0000001010000010
0000100110000001
0000001010000100
0000101010000011
0000000110000010
0000100110000010
0000001010000001
0000000110000001
0000100010000001
0000001010000001
0000110110000010
0000001110000001
0000101010000001
0000000110000001
0000000110000001
0000000110000001
0000100110000001
0000000110000010
0000001010000001
0000100110000001
0000000110000010
0000000110000010
0000100110000001
0000000110000011
0000101010000001
0000001010000001
0000110010000011
0000000110000001
0000000110000010
0000100010000011
0000001010000010
0000101010000100
0000110010000001
0000000110000010
0000001010000001
0000100110000010
0000001010000001
0000101110000011
0000000110000001
0000000110000001
0000100110000010
0000000110000100
0000100110000010
0000001110000001
0000101010000010
0000000110000001
0000000110000001
0000101010000100
0000110010000110
0000101010000100
0000000110000001
0000100110000001
0000010110000010
0000100010000001
0000001010000011
0000000110000001
0000100010000001
0000000110000001
0000001010000011
0000100010000001
0000001010000001
0000001110000001
0000100010000001
0000000110000001
0000001010000001
0000000110000001
0000100010000011
0000000110000010
0000101010000010
0000000110000011
0000000110000001
0000100010000010
0000001110000001
0000101010000001
0000000110000100
0000000110000001
0000100010000001
0000000110000010
0000000110000010
0000101010000110
0000101010000001
0000001110000001
0000110010000010
0000000110000001
0000000110000001
0000100110000001
0000001010000001
0000000110000010
0000100110000011
0000001010000001
0000100110000001
0000001010000011
0000000110000001
0000100110000010
0000000110000001
0000000110000010
0000100110000001
0000000110000010
0000001010000001
0000100110000001
0000000110000011
0000000110000001
0000100110000011
0000001010000010
0000100010000001
0000000110000011
0000101110000001
0000010010000010
0000100110000001
0000010010000010
0000101010000001
0000000110000010
0000000110000010
0000100110000001
0000000110000010
0000110010000010
0000000110000001
0000000110000010
0000100110000010
0000001010000010
0000101010000001
0000000110000010
0000000110000010
0000100110000010
0000010010000001
0000100110000010
0000000110000001
0000110010000011
0000001110000001
0000100110000011
0000000110000010
0000100110000001
0000010110000010
0000100010000001
0000001010000010
0000000110000001
0000100110000001
0000000110000001
0000001110000001
0000100110000001
0000001010000001
0000000110000001
0000000110000001
0000100010000001
0000001010000010
0000000110000001
0000100110000001
0000000110000011
0000101110000001
0000000110000010
0000000110000010
0000100110000001
0000000110000011
0000000110000010
0000100010000001
0000000110000110
0000100010000010
0000001110000001
0000000110000001
0000100010000001
0000000110000011
0000000110000010
0000100110000010
0000001010000001
0000000110000001
0000100110000010
0000001010000001
0000101110000001
0000001010000011
0000101010000001
0000010010000001
0000101010000001
0000000110000010
0000000110000010
0000100010000001
0000111110000001
0000001010000010
0000101110000001
0000010010000011
0000100010000001
0000010110000001
0000100110000001
0000001110000010
0000101010000001
0000000110000001
0000001110000010
0000100110000100
0000110010000010
0000001010000010
0000101010000001
0000001010000010
0000101110000001
0000000110000010
0000000110000010
0000100110000001
0000000110000010
0000000110000010
0000100110000001
0000000110000010
0000000110000010
0000100110000010
0000000110000001
0000000110000001
0000101010000010
0000000110000001
0000000110000001
0000101010000010
0000000110000001
0000000110000010
0000100110000011
0000000110000001
0000000110000001
0000100010000001
0000010010000010
0000100110000001
0000001010000100
0000100110000001
0000000110000001
0000001110000010
0000100010000001
0000001010000010
0000000110000001
0000100110000001
0000001010000010
0000001010000001
0000100010000001
0000000110000010
0000000110000001
0000101010000001
0000001010000011
0000000110000001
0000100010000010
0000010010000010
0000100010000010
0000001110000011
0000100010000001
0000000110000010
0000000110000001
0000101010000010
0000001110000001
0000000110000001
0000100010000001
0000001010000001
0000110110000001
0000000110000011
0000101110000001
0000000110000011
0000101110000001
0000000110000010
0000001010000001
0000100110000001
0000000110000001
0000000110000001
0000000110000001
0000100110000001
0000001110000011
0000100110000001
0000000110000001
0000001110000001
0000100110000001
0000000110000001
0000001110000001
0000100110000001
0000000110000011
0000101110000010
0000000110000001
0000000110000010
0000100110000001
0000000110000010
0000000110000010
0000100110000001
0000000110000010
0000000110000010
0000100010000001
0000001110000001
0000110010000001
0000001010000001
0000000110000001
0000101010000001
0000000110000001
0000001010000010
0000100110000001
0000000110000001
0000000110000011
0000100110000001
0000000110000100
0000101010000010
0000000110000011
0000101010000010
0000001010000010
0000101010000010
0000001010000010
0000101010000011
0000001110000001
0000100010000001
0000001110000001
0000101110000001
0000001010000100
0000100110000001
0000000110000001
0000001010000010
0000100110000001
0000000110000001
0000000110000001
0000000110000001
0000100110000001
0000000110000001
0000000110000001
0000000110000010
0000100010000001
0000000110000110
0000100010000010
0000001010000001
0000001010000001
0000100010000010
0000000110000001
0000110010000010
0000001110000001
0000101010000010
0000010110000001
0000100010000001
0000000110000011
0000101110000001
0000001010000011
0000000110000001
0000100110000001
0000000110000011
0000101110000010
0000001010000001
0000101110000010
0000001110000001
0000101010000010
0000010010000001
0000100110000010
0000001010000001
0000110010000010
0000110110000001
0000001010000001
0000000110000010
0000100110000001
0000001110000011
0000100110000001
0000001010000010
0000101110000001
0000001010000100
0000101010000110
0000101010000010
0000110110000001
0000000110000001
0000000110000001
0000000110000001
0000100110000001
0000000110000001
0000001010000010
0000100110000001
0000000110000100
0000101010000010
0000000110000011
0000101010000011
0000000110000011
0000100110000010
0000001010000001
0000000110000001
0000100110000010
0000111010000011
0000000110000010
0000100110000001
0000001010000001
0000110010000001
0000001010000010
0000001010000001
0000100010000001
0000000110000001
0000001110000001
0000100110000001
0000000110000010
0000001010000001
0000100110000001
0000000110000100
0000101010000010
0000010010000010
0000100010000001
0000000110000001
0000001010000010
0000100110000010
0000001010000001
0000101110000010
0000010110000001
0000100010000001
0000000110000010
0000001010000001
0000100110000001
0000000110000001
0000000110000011
0000100110000001
0000000110000001
0000010010000001
0000100110000010
0000000110000001
0000000110000001
0000101010000010
0000000110000001
0000001010000001
0000100110000010
0000000110000001
0000001010000001
0000100110000010
0000000110000010
0000000110000001
0000100110000001
0000000110000001
0000000110000011
0000100110000001
0000000110000100
0000101010000100
0000110010000010
0000000110000100
0000100110000101
0000101010000001
0000001010000010
0000000110000001
0000101010000010
0000001010000001
0000101110000010
0000000110000001
0000001010000001
0000100110000010
0000001010000001
0000000110000001
0000100110000010
0000001010000001
0000101110000010
0000000110000001
0000000110000001
0000101010000110
0000100110000001
0000010010000011
0000100110000011
0000001010000001
0000101010000010
0000000110000011
0000100110000001
0000010110000010
0000100010000001
0000001010000011
0000000110000001
0000100010000001
0000001010000001
0000000110000010
0000100110000001
0000000110000001
0000110110000001
0000000110000001
0000000110000010
0000000110000001
0000100010000010
0000010110000001
0000100010000001
0000000110000011
0000000110000010
0000100010000001
0000001010000001
0000000110000001
0000101110000011
0000001010000010
0000100010000001
0000001010000011
0000000110000001
0000100010000001
0000000110000001
0000001010000011
0000100010000001
0000001010000001
0000000110000010
0000100110000001
0000001110000001
0000101110000001
0000001110000001
0000001010000001
0000100010000001
0000001110000010
0000101110000100
0000110010000001
0000001010000100
0000100110000010
0000010010000001
0000100010000001
0000010110000001
0000100110000001
0000001110000001
0000001010000001
0000100110000111
0000100110000101
0000101010000001
0000010010000010
0000101010000001
0000010110000001
0000100110000100
0000000110000010
0000100110000100
0000110010000011
0000000110000001
0000000110000001
0000100110000101
0000101010000001
0000001110000001
0000001010000001
0000100010000001
0000001110000100
0000100010000001
0001000010000110
0000100110000001
0000001010000001
0000110010000001
0000000110000001
0000010010000001
0000100010000001
0000001010000100
0000100110000001
0000001010000100
0000100110000001
0000000110000001
0000000110000001
0000001010000001
0000100010000001
0000000110000100
0000101010000001
0000000110000001
0000000110000100
0000100010000001
0000001010000001
0000000110000001
0000000110000001
0000100110000011
0000000110000001
0000000110000001
0000100110000011
0000001010000001
0000101010000011
0000000110000001
0000000110000001
0000100110000011
0000000110000001
0000000110000001
0000100110000011
0000000110000010
0000101010000100
0000000110000010
0000100010000001
0001000010000001
0000001010000001
0000000110000001
0000101010000001
0000001010000100
0000100010000001
0000001110000010
0000000110000001
0000100010000001
0000001010000010
0000101110000001
0000001010000011
0000101010000001
0000001010000001
0000001010000010
0000100010000001
0000010010000010
0000100110000001
0000010110000001
0000100110000001
0000001110000100
0000100010000001
0000001110000010
0000000110000001
0000100010000001
0000001010000001
0000110010000001
0000001110000001
0000101110000001
0000001110000001
0000000110000010
0000100010000001
0000001010000001
0000001010000010
0000100010000001
0000001010000001
0000000110000001
0000101010000001
0000001110000001
0000000110000010
0000100010000001
0000001110000001
0000000110000010
0000100010000001
0000001010000010
0000000110000001
0000100110000001
0000000110000001
0000000110000001
0000000110000010
0000100010000001
0000000110000001
0000000110000001
0000000110000010
0000100010000001
0000000110000001
0000001010000010
0000100110000001
0000000110000001
0000001010000011
0000100010000001
0000000110000010
0000000110000010
0000100110000001
0000000110000001
0000000110000010
0000000110000001
0000100010000001
0000000110000001
0000110110000001
0000010010000011
0000100010000001
0000010010000010
0000100110000001
0000001110000010
0000101010000001
0000001110000010
0000000110000001
0000100010000001
0000000110000001
0000110110000001
0000000110000011
0000101110000001
0000000110000010
0000001010000010
0000100010000001
0000010010000001
0000101010000001
0000000110000001
0000001110000001
0000100110000001
0000000110000100
0000101010000001
0000000110000011
0000101110000001
0000000110000001
0000000110000010
0000000110000001
0000100010000001
0000000110000001
0000001010000010
0000100110000001
0000000110000001
0000001010000001
0000000110000001
0000100010000001
0000001110000001
0000001010000001
0000100010000001
0000000110000001
0000001110000001
0000100110000001
0000000110000001
0000000110000100
0000100010000001
0000000110000001
0000000110000001
0000000110000010
0000100010000001
0000000110000001
0000001110000010
0000100010000001
0000001010000100
0000100110000001
0000000110000001
0000110110000001
0000001010000010
0000101110000001
0000001010000001
0000000110000001
0000101010000001
0000001010000001
0000000110000001
0000101010000001
0000000110000001
0000001110000010
0000100010000001
0000000110000001
0000000110000100
0000100010000001
0000000110000001
0000000110000011
0000100110000001
0000000110000010
0000110010000001
0000000110000001
0000000110000001
0000000110000010
0000100010000001
0000000110000001
0000000110000010
0000000110000001
0000100010000001
0000000110000001
0000000110000100
0000100010000001
0000000110000001
0000000110000001
0000001010000001
0000100010000001
0000001010000011
0000000110000001
0000100010000001
0000001010000010
0000000110000001
0000100110000001
0000000110000001
0000000110000100
0000100010000011
0000010010000001
0000100010000011
0000000110000011
0000100110000011
0000001010000001
0000101010000010
0000000110000010
0000001010000001
0000100010000010
0000000110000001
0000000110000001
0000101010000010
0000000110000001
0000000110000010
0000100110000010
0000010010000010
0000100010000010
0000000110000100
0000100110000010
0000000110000010
0000000110000001
0000100110000001
0000000110000010
0000110010000001
0000001010000011
0000000110000001
0000100110000001
0000000110000001
0000000110000011
0000100010000001
0000001110000100
0000100010000001
0000000110000001
0000000110000001
0000000110000001
0000100110000010
0000010010000010
0000100010000010
0000010110000001
0000100010000001
0000000110000010
0000000110000011
0000100010000001
0000000110000001
0000000110000100
0000100010000001
0000000110000001
0000001110000010
0000100010000001
0000001010000010
0000000110000001
0000100110000001
0000001010000010
0000000110000001
0000100110000001
0000000110000001
0000001110000001
0000100110000001
0000000110000001
0000000110000001
0000000110000001
0000100110000001
0000000110000001
0000000110000010
0000000110000001
0000100010000001
0000000110000010
0000110010000001
0000000110000001
0000000110000001
0000000110000010
0000100010000001
0000000110000001
0000001110000001
0000100110000001
0000000110000001
0000000110000011
0000100110000001
0000000110000010
0000110010000001
0000000110000001
0000000110000011
0000100110000001
0000000110000001
0000000110000001
0000000110000001
0000100110000011
0000001110000001
0000100110000010
0000000110000010
0000000110000001
0000100110000011
0000010010000001
0000100010000010
0000000110000001
0000000110000001
0000000110000001
0000100010000010
0000001010000010
0000000110000001
0000100010000010
0000001010000001
0000101110000001
0000000110000011
0000101110000010
0000001110000001
0000101010000010
0000111010000010
0000000110000001
0000000110000011
0000100010000001
0000000110000011
0000000110000010
0000100110000010
0000000110000001
0000000110000010
0000101010000100
0000000110000001
0000100010000001
0000010110000001
0000100110000001
0000000110000001
0000000110000011
0000100110000010
0000000110000010
0000000110000001
0000100110000010
0000000110000001
0000001010000001
0000100110000010
0000001010000001
0000101110000001
0000000110000100
0000101010000001
0000000110000001
0000000110000011
0000100110000001
0000000110000001
0000001110000001
0000100110000001
0000000110000001
0000010010000001
0000100010000001
0000001010000100
0000100110000001
0000000110000001
0000110110000001
0000000110000001
0000001010000011
0000100010000001
0000000110000001
0000000110000011
0000100110000001
0000000110000001
0000001010000011
0000100010000001
0000001010000010
0000101110000001
0000000110000001
0000001010000001
0000000110000001
0000100010000001
0000000110000010
0000000110000010
0000100110000001
0000000110000010
0000000110000010
0000100110000001
0000000110000100
0000000110000001
0000100010000010
0000000110000001
0000000110000010
0000100110000010
0000000110000010
0000001010000001
0000100010000010
0000001010000010
0000101010000010
0000111010000010
0000010010000010
0000100010000001
0000000110000010
0000000110000001
0000101010000001
0000000110000010
0000110010000001
0000000110000001
0000000110000010
0000000110000001
0000100010000001
0000000110000001
0000000110000001
0000000110000010
0000100010000001
0000000110000100
0000000110000001
0000100010000010
0000010110000001
0000100110000001
0000000110000001
0000110010000001
0000001010000001
0000110110000100
0000000110000010
0000100010000001
0000000110000001
0000000110000100
0000100010000011
0000000110000001
0000000110000001
0000100110000010
0000000110000101
0000100010000010
0000000110000001
0000000110000011
0000100010000010
0000001010000001
0000001010000001
0000100010000001
0000000110000100
0000101010000001
0000000110000010
0000110010000001
0000000110000010
0000110010000001
0000000110000001
0000001110000001
0000100110000001
0000001010000001
0000000110000010
0000100110000001
0000001010000100
0000100110000001
0000000110000001
0000000110000001
0000000110000001
0000100110000001
0000000110000001
0000110110000001
0000001010000001
0000000110000001
0000101010000001
0000001010000010
0000000110000001
0000100110000001
0000000110000010
0000000110000001
0000101010000001
0000000110000010
0000000110000010
0000100110000010
0000001010000001
0000101110000010
0000001110000001
0000000110000001
0000100010000010
0000001110000001
0000101010000001
0000000110000011
0000000110000010
0000100010000001
0000000110000001
0000000110000001
0000000110000010
0000100010000001
0000000110000011
0000101110000001
0000000110000001
0000001010000010
0000100110000001
0000000110000001
0000000110000011
0000100110000001
0000000110000001
0000000110000001
0000000110000001
0000100110000001
0000001010000010
0000000110000001
0000100110000001
0000000110000001
0000110110000001
0000000110000010
0000001010000001
0000100110000001
0000001110000100
0000100010000001
0000000110000001
0000000110000100
0000100110000010
0000001010000001
0000101110000011
0000001010000001
0000100110000011
0000000110000011
0000100110000011
0000001010000001
0000101010000010
0000000110000010
0000000110000010
0000100010000010
0000000110000001
0000000110000001
0000101010000010
0000001110000011
0000100010000001
0000000110000100
0000101010000001
0000000110000011
0000000110000001
0000100110000001
0000000110000001
0000001010000011
0000100010000001
0000001010000100
0000100110000001
0000001010000100
0000100110000001
0000000110000001
0000001010000001
0000000110000001
0000100010000001
0000001010000100
0000100110000001
0000001010000001
0000000110000001
0000000110000001
0000100010000001
0000001010000001
0000000110000010
0000100110000001
0000000110000010
0000110010000001
0000000110000010
0000000110000001
0000101010000010
0000001010000001
0000000110000001
0000100110000001
0000000110000011
0000101110000001
0000000110000010
0000000110000001
0000101010000001
0000000110000001
0000000110000001
0000000110000010
0000100010000001
0000000110000001
0000001110000010
0000100010000001
0000000110000001
0000001010000011
0000100010000001
0000000110000001
0000110110000001
0000000110000001
0000010010000001
0000100010000001
0000001010000010
0000101110000001
0000001110000100
0000100010000001
0000001010000001
0000000110000010
0000100110000001
0000000110000001
0000001110000001
0000100110000001
0000000110000011
0000000110000010
0000100010000010
0000111010000001
0000001110000001
0000101110000001
0000010010000010
0000100110000100
0000001010000010
0000100010000011
0000001010000001
0000101010000010
0000000110000010
0000000110000001
0000100110000010
0000000110000001
0000000110000001
0000000110000001
0000100010000010
0000001010000010
0000101010000010
0000001110000001
0000000110000001
0000100010000010
0000111010000001
0000000110000010
0000001010000010
0000100010000001
0000000110000001
0000000110000100
0000100010000001
0000000110000001
0000000110000001
0000001010000001
0000100010000001
0000000110000001
0000000110000001
0000000110000010
0000100010000001
0000000110000001
0000001110000001
0000100110000001
0000000110000001
0000110110000001
0000001010000010
0000001010000001
0000100010000001
0000000110000001
0000000110000001
0000000110000001
0000100110000001
0000000110000011
0000101110000001
0000000110000001
0000000110000100
0000100010000001
0000000110000001
0000001010000011
0000100010000001
0000000110000001
0000001010000001
0000000110000001
0000100010000001
0000001010000100
0000100110000001
0000001010000010
0000001010000001
0000100010000001
0000001010000010
0000001010000001
0000100010000001
0000001010000001
0000000110000001
0000101010000001
0000001010000001
0000000110000001
0000000110000001
0000100010000001
0000001110000100
0000100010000001
0000010010000010
0000100110000001
0000001010000001
0000001010000010
0000100010000001
0000001010000001
0000110010000001
0000000110000010
0000001010000010
0000100010000010
0000000110000001
0000001010000001
0000100110000001
0000000110000001
0000000110000001
0000000110000010
0000100110000011
0000001010000010
0000100010000100
0000000110000001
0000101010000011
0000001010000010
0000100110000010
0000000110000010
0000000110000010
0000100010000010
0000000110000001
0000000110000011
0000100010000010
0000001010000011
0000100110000010
0000001010000011
0000100110000010
0000001110000001
0000101010000001
0000000110000110
0000100010000001
0000000110000100
0000101010000001
0000000110000011
0000000110000010
0000100010000001
0000000110000010
0000000110000011
0000100010000001
0000000110000001
0000000110000001
0000000110000010
0000100010000001
0000000110000001
0000001010000010
0000100110000001
0000000110000001
0000110110000001
0000000110000001
0000000110000010
0000000110000001
0000100010000001
0000000110000010
0000000110000011
0000100010000001
0000000110000001
0000010010000001
0000100010000001
0000001010000010
0000101110000001
0000000110000001
0000001110000001
0000100110000001
0000001110000010
0000101010000001
0000001110000001
0000000110000010
0000100010000001
0000010010000011
0000100010000001
0000010010000011
0000100010000001
0001000010000110
0000101010000100
0000110010000100
0000000110000001
0000101010000110
0000100110000001
0000000110000001
0000001010000010
0000100110000010
0000000110000010
0000000110000010
0000100010000001
0000000110000011
0000000110000010
0000100010000001
0000001110000001
0000101110000100
0000000110000011
0000100010000011
0000000110000001
0000101110000010
0000000110000011
0000000110000001
0000100010000010
0000000110000001
0000000110000011
0000100010000010
0000000110000001
0000110010000010
0000001010000001
0000001010000001
0000100010000001
0000000110000110
0000100010000001
0000000110000110
0000100010000010
0000010010000010
0000100010000010
0000001110000011
0000100010000001
0000000110000110
0000100010000001
0000000110000010
0000110010000001
0000000110000001
0000001110000001
0000100110000001
0000001010000100
0000100110000001
0000000110000001
0000000110000010
0000000110000001
0000100010000001
0000000110000011
0000101110000001
0000001110000010
0000101010000001
0000001110000001
0000001010000001
0000100010000001
0000001110000100
0000100110000100
0000110010000011
0000000110000001
0000000110000001
0000100110000100
0000000110000001
0000101010000011
0000000110000010
0000101010000011
0000001010000010
0000100110000010
0000000110000100
0000100110000010
0000000110000001
0000001010000001
0000100110000011
0000001110000001
0000100110000011
0000001010000001
0000100110000001
0000001010000010
0000000110000001
0000100110000010
0000000110000100
0000100110000010
0000000110000010
0000000110000001
0000100110000001
0000001110000010
0000101010000101
0000001010000001
0000100010000011
0000000110000001
0000000110000010
0000100010000010
0000000110000101
0000100010000010
0000000110000001
0000000110000011
0000100010000010
0000001010000011
0000100110000010
0000010110000001
0000100010000001
0000000110000010
0000000110000011
0000100010000001
0000000110000010
0000000110000011
0000100010000010
0000010010000010
0000100010000010
0000001010000001
0000001010000001
0000100010000010
0000111010000001
0000000110000010
0000001010000010
0000100010000001
0000001010000010
0000000110000001
0000100110000001
0000001010000001
0000000110000001
0000000110000001
0000100010000001
0000000110000001
0000000110000010
0000000110000001
0000100010000001
0000000110000010
0000001010000001
0000100110000001
0000010010000001
0000101110000100
0000110010000111
0000100110000010
0000000110000001
0000110010000010
0000001010000001
0000101110000010
0000001010000010
0000101010000010
0000010010000001
0000100110000010
0000000110000001
0000110010000010
0000001110000001
0000101010000001
0000000110000011
0000101110000010
0000001010000001
0000000110000001
0000100110000010
0000000110000001
0000101110000001
0000001010000011
0000000110000001
0000100010000011
0000001110000010
0000100010000010
0000000110000101
0000100110000101
0000101010000101
0000001010000001
0000100010000011
0000000110000010
0000101010000011
0000010010000001
0000100010000010
0000000110000001
0000000110000010
0000100110000010
0000001010000001
0000000110000001
0000100110000001
0000000110000010
0000000110000010
0000100110000001
0000000110000001
0000001010000001
0000000110000001
0000100010000001
0000000110000001
0000000110000001
0000001010000001
0000100010000001
0000000110000100
0000000110000001
0000100010000010
0000001010000010
0000101010000010
0000001010000001
0000101110000001
0000000110000010
0000001010000010
0000100010000001
0000001010000001
0000001110000001
0000100010000001
0000010110000010
0000100010000001
0000000110000001
0000000110000001
0000000110000010
0000100010000001
0000000110000010
0000110110000011
0000000110000010
0000101010000010
0000001010000001
0000101110000010
0000000110000011
0000101010000001
0000000110000010
0000001010000001
0000100110000001
0000000110000001
0000000110000011
0000100110000001
0000000110000001
0000000110000011
0000100110000001
0000000110000001
0000000110000001
0000000110000001
0000100110000001
0000000110000010
0000000110000010
0000100110000001
0000000110000001
0000000110000001
0000000110000001
0000100110000001
0000000110000001
0000000110000001
0000000110000001
0000100110000001
0000000110000011
0000000110000001
0000100110000001
0000000110000100
0000100110000001
0000001010000100
0000100110000011
0000001010000010
0000100110000011
0000010010000001
0000100010000001
0000001010000001
0000000110000010
0000100110000101
0000001010000001
0000100010000011
0000000110000011
0000100110000011
0000010010000001
0000100010000010
0000000110000001
0000000110000011
0000100010000010
0000001010000001
0000101110000001
0000000110000001
0000000110000001
0000000110000010
0000100010000001
0000001010000001
0000000110000001
0000000110000001
0000100010000001
0000000110000001
0000001110000001
0000100110000001
0000000110000011
0000000110000010
0000100010000010
0000000110000001
0000001010000001
0000100110000010
0000000110000001
0000000110000001
0000000110000001
0000100010000001
0000000110000010
0000000110000011
0000100010000001
0000001110000001
0000001010000001
0000100110000011
0000001010000010
0000100010000001
0000000110000001
0000001110000001
0000100110000001
0000001010000011
0000101110000010
0000000110000010
0000000110000001
0000100110000001
0000000110000010
0000110010000010
0000001010000010
0000101010000001
0000000110000001
0000110110000001
0000001010000100
0000100110000001
0000001010000001
0000000110000010
0000100110000001
0000001010000001
0000110010000001
0000001010000011
0000101010000001
0000001010000010
0000101110000001
0000000110000001
0000110110000001
0000000110000001
0000000110000001
0000000110000001
0000100110000001
0000000110000010
0000101110000001
0000000110000001
0000000110000011
0000100110000011
0000001010000010
0000100110000011
0000001110000001
0000101010000011
0000001110000001
0000100010000110
0000000110000001
0000100010000011
0000000110000100
0000100010000011
0000001110000010
0000100010000010
0000000110000010
0000000110000001
0000100110000010
0000001110000011
0000100010000001
0000000110000001
0000001010000010
0000100110000001
0000001110000100
0000100010000001
0000001010000011
0000101010000001
0000000110000011
0000000110000010
0000100010000010
0000000110000010
0000001010000001
0000100010000010
0000000110000100
0000100110000001
0000000110000110
0000100010000001
0000010010000011
0000100110000010
0000000110000100
0000100010000001
0000001010000100
0000100110000001
0000000110000110
0000100110000010
0000001010000010
0000101010000001
0000000110000001
0000001010000010
0000100110000001
0000000110000001
0000001010000010
0000100110000001
0000001010000001
0000000110000001
0000101010000001
0000001110000001
0000101110000001
0000010010000010
0000100110000001
0000010010000001
0000101010000001
0000001110000001
0000101110000001
0000001110000001
0000101110000001
0000001010000011
0000101010000001
0000001010000010
0000101110000001
0000000110000001
0000000110000001
0000000110000001
0000100010000010
0000000110000001
0000001110000001
0000100010000011
0000001110000010
0000100010000001
0000001010000010
0000001010000001
0000101010000010
0000110010000110
0000000110000001
0000100010000100
0000001110000001
0000100010000011
0000001010000010
0000100110000010
0000000110000010
0000000110000010
0000100010000010
0000001010000001
0000101110000001
0000000110000001
0000001010000011
0000100010000001
0000001110000010
0000000110000001
0000100010000001
0000001010000001
0000001010000010
0000100010000001
0000000110000010
0000000110000001
0000101010000010
0000000110000001
0000000110000001
0000000110000001
0000100010000010
0000000110000100
0000100110000010
0000010010000010
0000100010000001
0000010010000011
0000100110000011
0000001010000001
0000100110000001
0000000110000001
0000010010000001
0000100010000010
0000001010000011
0000101010000100
0000000110000010
0000100110000001
0000001010000100
0000100110000001
0000001110000001
0000101110000001
0000010010000001
0000101110000101
0000101110000011
0000001010000001
0000101010000011
0000000110000001
0000101110000100
0000000110000001
0000101010000110
0000100110000001
0000001010000001
0000110010000001
0000010010000010
0000100110000010
0000001110000001
0000100110000011
0000001010000001
0000101010000001
0000001010000100
0000101010000010
0000000110000001
0000000110000001
0000101110000001
0000000110000010
0000101010000110
0000000110000001
0000100010000100
0000001110000001
0000100010000011
0000001010000011
0000100010000010
0000000110000011
0000000110000001
0000100010000010
0000001010000001
0000101110000001
0000000110000001
0000001010000010
0000100110000001
0000001110000001
0000001010000001
0000100010000001
0000010010000010
0000100110000001
0000000110000001
0000000110000001
0000001010000001
0000100010000010
0000001010000010
0000101010000010
0000000110000001
0000000110000011
0000100010000010
0000111010000001
0000001110000001
0000110010000011
0000000110000001
0000000110000001
0000100010000001
0000000110000001
0000001110000001
0000100110000010
0000001010000011
0000100110000001
0000000110000001
0000010010000001
0000100110000001
0000001010000001
0000000110000001
0000101110000100
0000000110000001
0000101010000011
0000000110000001
0000101110000010
0000000110000001
0000000110000001
0000101010000011
0000001010000001
0000101010000011
0000001010000001
0000101010000010
0000000110000010
0000101110000100
0000000110000001
0000100110000001
0000010010000001
0000101110000110
0000100010000001
0000010010000001
0000101010000010
0000001110000011
0000100110000010
0000000110000001
0000001010000001
0000100010000010
0000000110000010
0000000110000010
0000100010000001
0000001010000001
0000001010000010
0000100010001000
0000100010000100
0000001010000010
0000100010000011
0000000110000001
0000101110000010
0000000110000100
0000100110000010
0000001010000001
0000001010000001
0000100010000001
0000000110000001
0000001010000010
0000100110000001
0000010010000011
0000100110000111
0000100010000001
0000001010000010
0000001010000001
0000100010000001
0000000110000100
0000101010000010
0000001010000010
0000101010000001
0000000110000010
0000000110000011
0000100010000001
0000001110000001
0000001010000001
0000100010000001
0000010110000001
0000100110000001
0000000110000001
0000001010000010
0000100110000010
0000001010000011
0000100110000010
0000001010000011
0000101010000001
0000000110000001
0000111010000110
0000101010000010
0000000110000011
0000101010000010
0000000110000001
0000000110000001
0000101010000010
0000001010000001
0000101110000010
0000000110000001
0000000110000001
0000101010000010
0000000110000001
0000110010000011
0000001010000001
0000101010000100
0000000110000001
0000100110000001
0000001010000001
0000101110000010
0000000110000001
0000001010000001
0000101010000010
0000000110000011
0000100110000010
0000001010000001
0000000110000001
0000100110000011
0000010010000001
0000100010000011
0000010010000001
0000100010001000
0000100010000100
0000000110000001
0000101010000011
0000000110000001
0000000110000001
0000100110000010
0000000110000101
0000100010000010
0000001010000001
0000001010000001
0000100010000001
0000000110000001
0000001010000001
0000000110000001
0000100010000001
0000010010000001
0000101110000100
0000000110000010
0000100010000001
0000001110000010
0000101010000001
0000000110000001
0000000110000001
0000001010000001
0000100010000001
0000000110000011
0000000110000010
0000100010000001
0000000110000001
0000000110000010
0000000110000001
0000100010000001
0000001110000100
0000100010000001
0000001110000010
0000000110000001
0000100010000001
0000001010000010
0000101110000001
0000000110000100
0000000110000001
0000100010000010
0000000110000001
0000001110000001
0000100010000001
0000001010000001
0000110110000001
0000010110000001
0000101010000011
0000001010000001
0000101010000010
0000001010000001
0000101110000010
0000000110000001
0000000110000001
0000101010000010
0000000110000010
0000101110000010
0000000110000001
0000110010000011
0000000110000010
0000101010000011
0000001010000001
0000100010000001
0000001010000100
0000100110000001
0000000110000011
0000000110000010
0000100010000001
0000001010000001
0000110010000011
0000001010000001
0000101010000011
0000001110000001
0000100110000010
0000000110000100
0000100110000110
0000000110000001
0000100010000100
0000000110000001
0000101010000011
0000000110000001
0000000110000010
0000100010000011
0000010010000001
0000100010000010
0000001010000001
0000000110000001
0000100110000001
0000000110000001
0000001010000010
0000100110000001
0000010110000001
0000101010000100
0000000110000001
0000100110000001
0000001110000001
0000101110000001
0000001010000010
0000000110000001
0000100110000001
0000000110000001
0000000110000001
0000000110000010
0000100010000001
0000000110000001
0000000110000001
0000000110000001
0000100110000001
0000001010000010
0000101110000001
0000010110000001
0000101010000010
0000001110000001
0000101010000111
0000100010000001
0000000110000010
0000001010000010
0000100010000010
0000000110000001
0000000110000010
0000101010000011
0000001110000001
0000100110000010
0000001010000001
0000101110000001
0000000110000010
0000110110000100
0000000110000001
0000100110000001
0000010010000001
0000101010000001
0000010010000010
0000100110000001
0000010010000001
0000101010000010
0000000110000010
0000000110000001
0000100010000011
0000001110000010
0000100010000001
0000000110000001
0000001010000011
0000100010000010
0000000110000001
0000000110000011
0000100010000011
0000001010000001
0000101010000010
0000000110000011
0000000110000001
0000100010000001
0000000110000011
0000000110000001
0000100110000101
0000000110000010
0000100010000100
0000000110000001
0000101010000011
0000000110000010
0000101010000011
0000010010000001
0000100010000010
0000001010000010
0000000110000001
0000100010000001
0000000110000001
0000001010000011
0000100010000001
0000010110000001
0000101010000100
0000101110000001
0000010010000011
0000100010000001
0000001010000010
0000101110000001
0000000110000001
0000001010000011
0000100010000001
0000000110000001
0000000110000001
0000000110000001
0000100110000001
0000000110000001
0000001110000001
0000100110000001
0000001010000001
0000000110000010
0000101010000010
0000000110000001
0000000110000010
0000100110000011
0000001010000001
0000100110000010
0000111010000010
0000000110000010
0000000110000010
0000100010000001
0000000110000010
0000001010000001
0000100110000001
0000000110000001
0000000110000011
0000100110000001
0001000010000010
0000001010000010
0000101010000010
0000111010000001
0000001010000010
0000101110000011
0000000110000010
0000100110000010
0000000110000011
0000000110000001
0000100010000010
0000010010000010
0000100010000010
0000001010000011
0000100110000011
0000000110000001
0000101110000011
0000000110000001
0000000110000001
0000100110000001
0000000110000110
0000100110000001
0000001110000001
0000101010000101
0000001010000001
0000100010000100
0000001110000001
0000100010000011
0000000110000001
0000000110000010
0000100010000011
0000010010000001
0000100010000010
0000001010000011
0000100110000001
0000000110000001
0000000110000001
0000001010000001
0000100010000001
0000010010000001
0000101110000100
0000000110000001
0000100110000001
0000010010000011
0000100010000001
0000001010000001
0000000110000001
0000000110000001
0000100010000001
0000000110000001
0000001010000001
0000000110000001
0000100010000001
0000000110000001
0000000110000001
0000000110000001
0000100110000001
0000000110000001
0000001010000010
0000100110000001
0000000110000001
0000010010000001
0000100010000001
0000001110000010
0000101010000001
0000001010000001
0000001010000010
0000100010000010
0000000110000001
0000000110000011
0000100010000010
0000000110000010
0000000110000010
0000100010000010
0000000110000101
0000100010000010
0000000110000101
0000100010000010
0000000110000101
0000100010000011
0000001110000010
0000100010000011
0000001110000010
0000100010000010
0000001010000010
0000101010000010
0000001010000001
0000001010000001
0000100010000001
0000001010000011
0000101010000010
0000001110000001
0000101010000011
0000001010000011
0000100010000011
0000000110000001
0000000110000010
0000100010000011
0000000110000010
0000101010000001
0000000110000100
0000101110000011
0000000110000001
0000000110000001
0000100010000101
0000101110000100
0000110010000011
0000000110000001
0000000110000001
0000100110000011
0000010010000001
0000100010000010
0000001010000011
0000100110000001
0000000110000001
0000000110000001
0000000110000001
0000100110000001
0000010010000010
0000100110000001
0000010110000001
0000100110000001
0000001010000001
0000000110000001
0000101010000001
0000000110000001
0000110110000001
0000000110000001
0000001010000010
0000100110000001
0000000110000001
0000000110000011
0000100110000001
0000000110000001
0000000110000010
0000000110000001
0000100010000001
0000000110000001
0000001010000011
0000100010000001
0000000110000001
0000001010000001
0000000110000001
0000100010000001
0000000110000011
0000000110000010
0000100010000010
0000000110000001
0000000110000011
0000100010000010
0000000110000100
0000100110000010
0000000110000101
0000100010000011
0000001110000001
0000100110000011
0000010010000001
0000100010000011
0000010010000001
0000100010000011
0000001010000010
0000100110000011
0000001010000010
0000100110000001
0000000110000010
0000000110000010
0000100110000001
0000000110000001
0000001110000010
0000100010000010
0000000110000010
0000000110000010
0000100010000011
0000000110000001
0000000110000010
0000100010000010
0000000110000001
0000000110000011
0000100010000001
0000001110000001
0000101110000001
0000001010000001
0000000110000001
0000000110000001
0000100010000010
0000000110000001
0000000110000010
0000100110000100
0000000110000011
0000100010000100
0000001110000001
0000100010000011
0000000110000001
0000000110000010
0000100010000011
0000001110000001
0000100110000010
0000000110000001
0000110010000001
0000000110000001
0000000110000001
0000000110000010
0000100010000001
0000001010000001
0000001110000001
0000100010000001
0000000110000001
0000010010000001
0000100010000001
0000000110000010
0000110010000001
0000000110000100
0000101010000001
0000000110000100
0000101010000001
0000000110000001
0000000110000100
0000100010000001
0000000110000010
0000001010000001
0000100110000001
0000000110000001
0000000110000100
0000100010000001
0000000110000010
0000110010000010
0000010110000001
0000100010000010
0000000110000001
0000000110000010
0000100110000010
0000000110000101
0000100010000011
0000001110000010
0000100010000011
0000001110000010
0000100010000011
0000001110000001
0000100110000011
0000001010000001
0000101010000011
0000000110000001
0000000110000001
0000100110000010
0000000110000010
0000000110000010
0000100010000001
0000001010000010
0000101110000011
0000000110000010
0000101010000010
0000001010000001
0000000110000001
0000100110000001
0000010010000010
0000101010000100
0000000110000010
0000100010000010
0000000110000010
0000000110000010
0000100010000100
0000001010000010
0000100010000100
0000110010000100
0000000110000011
0000100010000100
0000001010000010
0000100010000011
0000000110000010
0000101010000011
0000001110000001
0000100110000010
0000000110000001
0000110010000001
0000000110000001
0000000110000100
0000100010000001
0000000110000001
0000010010000001
0000100010000001
0000000110000001
0000000110000011
0000100110000001
0000000110000010
0000000110000011
0000100010000010
0000001110000001
0000101010000010
0000001010000001
0000001010000001
0000100010000001
0000000110000010
0000000110000011
0000100010000001
0000000110000010
0000110010000001
0000000110000001
0000110110000001
0000000110000001
0000001010000010
0000100110000001
0000000110000100
0000101010000010
0000000110000001
0000001110000001
0000100010000010
0000000110000011
0000000110000001
0000100010000010
0000000110000101
0000100010000011
0000001110000010
0000100010000010
0000000110000101
0000100010000011
0000001110000001
0000100110000010
0000000110000010
0000000110000001
0000100110000001
0000010010000011
0000100010000010
0000000110000001
0000000110000001
0000101010000100
0000110010000001
0000001010000011
0000000110000001
0000100110000001
0000000110000100
0000100110000010
0000000110000010
0000000110000001
0000100110000100
0000001010000010
0000100010000100
0000001010000010
0000100010000100
0000001010000010
