101
74
93
100
111
134
149
139
140
145
154
147
143
150
128
117
114
78
68
152
143
110
94
94
93
96
123
236
225
231
113
94
91
117
115
107
117
137
140
131
136
152
162
149
157
187
214
199
161
115
79
59
101
144
98
85
89
91
92
144
235
230
120
89
100
117
111
98
106
120
126
122
131
157
167
145
165
236
221
196
189
182
126
68
53
75
114
157
107
89
93
115
184
134
134
91
88
107
102
91
97
104
113
118
131
154
162
149
154
184
182
187
191
197
187
101
100
78
66
91
128
152
135
130
140
163
120
102
76
91
91
91
106
106
107
117
134
158
163
154
153
180
157
195
199
180
197
144
92
92
89
85
71
81
81
92
107
91
91
136
74
83
87
94
110
102
102
113
136
158
166
170
171
191
201
208
196
193
184
157
92
100
98
97
100
48
75
71
76
79
63
48
85
83
94
110
119
101
96
118
144
153
162
178
188
195
166
200
193
178
174
161
106
105
105
109
87
94
120
111
124
154
100
105
101
100
106
126
135
114
110
131
157
150
160
173
193
187
148
115
157
167
150
136
137
140
120
79
97
130
137
127
124
134
65
123
120
117
124
137
143
128
126
144
161
158
158
169
188
175
149
117
114
117
117
118
123
128
74
79
141
152
156
147
134
130
143
141
144
136
139
147
148
139
139
154
171
171
166
167
182
173
160
135
134
140
141
160
184
179
132
162
188
184
173
166
165
137
162
175
171
163
158
160
152
148
148
163
175
174
176
171
173
175
169
157
154
175
225
238
228
217
212
214
195
222
218
176
157
87
143
170
195
193
183
175
163
154
154
162
170
173
176
171
162
174
176
174
170
226
218
225
213
205
200
184
196
192
215
187
107
61
130
174
218
210
200
188
174
162
161
158
160
167
174
167
152
165
182
182
189
214
217
204
192
195
180
176
173
171
189
193
80
144
123
175
234
223
215
201
188
176
176
162
150
158
170
160
148
154
180
182
200
197
196
187
171
184
166
174
170
154
160
178
143
175
100
114
238
228
219
212
199
188
186
167
158
158
165
158
149
150
176
180
202
184
180
171
163
167
160
161
152
143
150
162
187
192
136
134
243
228
218
213
204
197
192
179
175
169
171
162
160
153
170
184
175
167
165
158
153
153
148
149
143
134
147
144
179
210
171
115
244
230
219
215
206
206
196
191
188
187
183
171
166
160
173
183
161
152
162
140
139
135
135
128
126
120
122
126
166
219
187
136
247
232
221
215
208
201
191
191
195
199
191
176
162
158
173
184
140
137
143
120
117
122
118
115
111
105
113
114
154
222
218
140
249
235
223
215
206
193
183
183
195
201
192
179
154
149
173
178
132
120
127
104
100
102
97
104
98
92
101
104
157
227
223
124
249
236
225
214
202
182
165
169
189
204
200
179
145
131
171
176
118
100
110
89
87
87
85
91
85
85
93
94
158
230
225
150
249
238
225
215
200
171
149
162
187
210
213
183
137
115
162
156
109
88
102
80
79
75
72
78
76
80
85
88
174
230
226
113
253
239
227
218
199
166
143
156
187
217
222
191
135
111
158
191
102
83
83
74
68
67
66
68
68
78
76
85
209
227
153
48
253
241
230
219
200
167
141
147
180
213
222
195
135
114
161
206
123
79
68
66
62
57
58
61
63
72
67
98
228
158
106
44
253
241
231
221
200
166
137
134
169
204
215
192
136
117
162
206
161
74
61
58
53
57
57
54
61
66
63
132
199
105
219
147
255
243
232
222
201
166
135
127
153
188
204
183
137
130
166
206
206
80
63
55
53
50
53
52
57
61
72
210
110
202
225
225
255
244
234
223
201
165
132
123
140
169
187
173
143
141
152
189
209
144
65
57
50
53
54
52
59
57
158
187
144
228
226
222
253
244
235
225
202
166
130
122
136
154
171
170
152
130
98
127
179
214
113
100
88
61
66
67
66
109
227
167
215
228
221
186
251
244
236
225
205
167
130
120
135
152
167
170
162
150
107
114
192
219
178
174
128
102
96
76
118
221
195
206
232
234
191
68
249
241
235
225
206
169
132
122
135
149
165
170
166
161
140
147
215
219
223
223
223
227
227
204
201
156
196
231
235
236
188
117
248
240
234
225
206
170
134
130
148
160
166
174
173
167
165
187
215
222
223
226
225
225
230
230
182
163
219
235
215
136
149
214
247
241
235
226
208
171
145
161
176
188
188
175
178
175
176
193
214
223
227
227
226
228
234
219
152
236
202
134
123
219
243
240
247
243
236
226
208
175
161
174
183
196
201
183
176
160
166
188
209
221
223
227
223
226
218
135
212
240
157
94
218
243
243
243
