170
127
84
65
60
55
55
63
71
74
79
84
90
96
103
108
117
126
137
143
146
144
138
133
131
132
133
134
136
137
138
137
81
68
56
60
75
94
110
120
108
106
106
107
108
110
113
117
123
131
138
141
141
138
133
128
128
129
132
134
137
138
139
141
48
66
89
103
115
120
115
106
113
107
103
107
110
108
111
116
129
134
138
138
136
133
128
125
125
126
129
134
138
142
143
146
96
105
108
105
106
112
116
113
105
96
94
101
107
108
112
118
129
133
134
133
131
128
125
121
118
121
127
134
141
146
148
151
90
95
102
108
113
116
112
108
106
97
92
97
102
105
107
111
118
122
126
126
125
123
121
118
113
116
125
136
143
148
152
155
92
91
92
101
110
112
110
107
101
95
89
90
92
94
95
96
103
108
113
115
116
117
116
113
111
113
122
136
144
148
152
157
85
86
91
99
106
108
107
105
95
92
89
85
87
92
95
94
96
100
105
107
108
111
112
111
112
113
122
136
144
147
151
154
71
79
86
91
95
100
99
96
89
90
86
82
85
92
95
92
94
99
101
103
105
108
111
111
113
115
123
136
144
146
148
153
70
74
80
85
89
91
91
91
84
82
82
84
90
97
101
100
101
101
101
100
102
105
110
112
112
115
123
136
146
148
151
153
69
70
74
80
85
86
86
84
82
84
85
87
95
102
106
105
102
102
102
102
102
103
107
111
113
117
126
138
147
151
154
158
68
68
69
75
80
84
82
80
81
82
85
90
97
105
106
103
100
101
101
100
100
101
106
110
113
118
128
139
147
152
155
160
71
70
70
74
77
82
84
85
82
86
90
95
101
106
105
101
95
95
95
95
94
97
105
110
113
121
129
138
143
148
153
158
77
77
76
75
76
80
85
89
89
92
97
102
108
112
110
105
94
94
91
89
89
95
103
110
118
126
136
139
141
143
148
153
85
85
84
80
79
80
86
91
94
99
105
111
117
121
117
112
101
97
92
89
91
97
106
112
125
134
143
144
142
142
146
149
95
94
92
90
89
90
94
97
100
105
112
118
126
128
125
120
110
105
99
96
100
107
115
120
132
143
152
149
143
142
144
147
101
100
99
99
101
102
105
105
108
113
120
127
133
136
132
126
116
111
105
103
108
116
123
127
134
147
155
152
144
141
143
146
112
110
106
103
105
108
112
113
116
118
126
134
139
139
132
126
125
118
111
110
116
123
131
134
141
147
153
154
152
148
147
146
123
120
116
113
113
116
120
121
121
125
129
136
141
139
136
132
129
123
118
117
122
129
134
137
146
151
157
159
157
153
152
152
136
132
127
123
123
125
126
127
128
131
136
138
141
141
139
137
133
129
126
125
129
136
139
142
151
155
160
163
162
159
158
158
148
144
139
136
134
133
134
134
136
138
142
143
142
141
141
141
137
133
131
131
134
141
144
147
155
159
164
167
165
163
162
162
160
158
154
151
148
147
146
146
143
147
148
148
146
143
142
142
141
138
134
134
138
144
149
152
159
163
167
168
168
165
164
164
172
170
167
165
163
160
158
157
155
157
157
155
152
147
146
144
144
142
139
139
143
148
153
155
162
164
167
168
168
167
165
165
181
180
180
179
178
174
172
169
169
168
165
163
158
154
152
151
147
146
144
144
146
149
153
155
160
162
164
165
167
165
165
164
190
190
190
190
189
186
183
180
178
175
172
168
163
159
157
154
147
146
146
146
147
149
151
152
157
158
160
163
163
164
163
163
206
204
201
200
196
191
189
188
185
184
180
174
169
165
160
155
154
149
147
151
152
148
148
151
151
152
154
155
158
160
163
164
215
211
209
207
204
199
195
194
194
191
186
179
174
172
168
164
160
154
153
157
158
154
151
152
151
151
149
151
154
158
162
163
224
220
216
215
211
206
203
201
201
199
193
184
179
178
175
172
167
163
162
165
167
162
155
153
149
147
142
142
146
152
157
159
227
224
221
219
216
211
207
206
206
204
198
190
185
184
181
178
173
170
169
173
173
167
158
153
152
147
141
139
142
147
152
154
229
226
222
221
217
212
209
209
209
207
204
198
193
190
188
183
177
175
175
178
177
170
160
154
155
152
147
144
146
148
152
153
231
227
225
222
220
214
210
209
207
207
205
200
196
194
189
185
180
180
181
181
179
173
164
159
159
157
153
151
149
151
152
153
235
230
226
224
220
214
210
209
206
206
204
200
198
195
191
188
185
186
188
185
181
175
170
167
164
164
163
159
155
155
157
159
236
232
227
225
220
212
207
206
209
209
206
203
200
199
195
191
189
190
191
188
183
178
174
172
172
173
172
168
164
163
165
168
