101 101 
74 74 
93 93 
100 100 
111 111 
134 134 
149 149 
139 139 
140 140 
145 145 
154 154 
147 147 
143 143 
150 150 
128 128 
117 117 
114 114 
78 78 
68 68 
152 152 
143 143 
110 110 
94 94 
94 94 
93 93 
96 96 
123 123 
236 236 
225 225 
231 231 
113 113 
94 94 
91 91 
117 117 
115 115 
107 107 
117 117 
137 137 
140 140 
131 131 
136 136 
152 152 
162 162 
149 149 
157 157 
187 187 
214 214 
199 199 
161 161 
115 115 
79 79 
59 59 
101 101 
144 144 
98 98 
85 85 
89 89 
91 91 
92 92 
144 144 
235 235 
230 230 
120 120 
89 89 
100 100 
117 117 
111 111 
98 98 
106 106 
120 120 
126 126 
122 122 
131 131 
157 157 
167 167 
145 145 
165 165 
236 236 
221 221 
196 196 
189 189 
182 182 
126 126 
68 68 
53 53 
75 75 
114 114 
157 157 
107 107 
89 89 
93 93 
115 115 
184 184 
134 134 
134 134 
91 91 
88 88 
107 107 
102 102 
91 91 
97 97 
104 104 
113 113 
118 118 
131 131 
154 154 
162 162 
149 149 
154 154 
184 184 
182 182 
187 187 
191 191 
197 197 
187 187 
101 101 
100 100 
78 78 
66 66 
91 91 
128 128 
152 152 
135 135 
130 130 
140 140 
163 163 
120 120 
102 102 
76 76 
91 91 
91 91 
91 91 
106 106 
106 106 
107 107 
117 117 
134 134 
158 158 
163 163 
154 154 
153 153 
180 180 
157 157 
195 195 
199 199 
180 180 
197 197 
144 144 
92 92 
92 92 
89 89 
85 85 
71 71 
81 81 
81 81 
92 92 
107 107 
91 91 
91 91 
136 136 
74 74 
83 83 
87 87 
94 94 
110 110 
102 102 
102 102 
113 113 
136 136 
158 158 
166 166 
170 170 
171 171 
191 191 
201 201 
208 208 
196 196 
193 193 
184 184 
157 157 
92 92 
100 100 
98 98 
97 97 
100 100 
48 48 
75 75 
71 71 
76 76 
79 79 
63 63 
48 48 
85 85 
83 83 
94 94 
110 110 
119 119 
101 101 
96 96 
118 118 
144 144 
153 153 
162 162 
178 178 
188 188 
195 195 
166 166 
200 200 
193 193 
178 178 
174 174 
161 161 
106 106 
105 105 
105 105 
109 109 
87 87 
94 94 
120 120 
111 111 
124 124 
154 154 
100 100 
105 105 
101 101 
100 100 
106 106 
126 126 
135 135 
114 114 
110 110 
131 131 
157 157 
150 150 
160 160 
173 173 
193 193 
187 187 
148 148 
115 115 
157 157 
167 167 
150 150 
136 136 
137 137 
140 140 
120 120 
79 79 
97 97 
130 130 
137 137 
127 127 
124 124 
134 134 
65 65 
123 123 
120 120 
117 117 
124 124 
137 137 
143 143 
128 128 
126 126 
144 144 
161 161 
158 158 
158 158 
169 169 
188 188 
175 175 
149 149 
117 117 
114 114 
117 117 
117 117 
118 118 
123 123 
128 128 
74 74 
79 79 
141 141 
152 152 
156 156 
147 147 
134 134 
130 130 
143 143 
141 141 
144 144 
136 136 
139 139 
147 147 
148 148 
139 139 
139 139 
154 154 
171 171 
171 171 
166 166 
167 167 
182 182 
173 173 
160 160 
135 135 
134 134 
140 140 
141 141 
160 160 
184 184 
179 179 
132 132 
162 162 
188 188 
184 184 
173 173 
166 166 
165 165 
137 137 
162 162 
175 175 
171 171 
163 163 
158 158 
160 160 
152 152 
148 148 
148 148 
163 163 
175 175 
174 174 
176 176 
171 171 
173 173 
175 175 
169 169 
157 157 
154 154 
175 175 
225 225 
238 238 
228 228 
217 217 
212 212 
214 214 
195 195 
222 222 
218 218 
176 176 
157 157 
87 87 
143 143 
170 170 
195 195 
193 193 
183 183 
175 175 
163 163 
154 154 
154 154 
162 162 
170 170 
173 173 
176 176 
171 171 
162 162 
174 174 
176 176 
174 174 
170 170 
226 226 
218 218 
225 225 
213 213 
205 205 
200 200 
184 184 
196 196 
192 192 
215 215 
187 187 
107 107 
61 61 
130 130 
174 174 
218 218 
210 210 
200 200 
188 188 
174 174 
162 162 
161 161 
158 158 
160 160 
167 167 
174 174 
167 167 
152 152 
165 165 
182 182 
182 182 
189 189 
214 214 
217 217 
204 204 
192 192 
195 195 
180 180 
176 176 
173 173 
171 171 
189 189 
193 193 
80 80 
144 144 
123 123 
175 175 
234 234 
223 223 
215 215 
201 201 
188 188 
176 176 
176 176 
162 162 
150 150 
158 158 
170 170 
160 160 
148 148 
154 154 
180 180 
182 182 
200 200 
197 197 
196 196 
187 187 
171 171 
184 184 
166 166 
174 174 
170 170 
154 154 
160 160 
178 178 
143 143 
175 175 
100 100 
114 114 
238 238 
228 228 
219 219 
212 212 
199 199 
188 188 
186 186 
167 167 
158 158 
158 158 
165 165 
158 158 
149 149 
150 150 
176 176 
180 180 
202 202 
184 184 
180 180 
171 171 
163 163 
167 167 
160 160 
161 161 
152 152 
143 143 
150 150 
162 162 
187 187 
192 192 
136 136 
134 134 
243 243 
228 228 
218 218 
213 213 
204 204 
197 197 
192 192 
179 179 
175 175 
169 169 
171 171 
162 162 
160 160 
153 153 
170 170 
184 184 
175 175 
167 167 
165 165 
158 158 
153 153 
153 153 
148 148 
149 149 
143 143 
134 134 
147 147 
144 144 
179 179 
210 210 
171 171 
115 115 
244 244 
230 230 
219 219 
215 215 
206 206 
206 206 
196 196 
191 191 
188 188 
187 187 
183 183 
171 171 
166 166 
160 160 
173 173 
183 183 
161 161 
152 152 
162 162 
140 140 
139 139 
135 135 
135 135 
128 128 
126 126 
120 120 
122 122 
126 126 
166 166 
219 219 
187 187 
136 136 
247 247 
232 232 
221 221 
215 215 
208 208 
201 201 
191 191 
191 191 
195 195 
199 199 
191 191 
176 176 
162 162 
158 158 
173 173 
184 184 
140 140 
137 137 
143 143 
120 120 
117 117 
122 122 
118 118 
115 115 
111 111 
105 105 
113 113 
114 114 
154 154 
222 222 
218 218 
140 140 
249 249 
235 235 
223 223 
215 215 
206 206 
193 193 
183 183 
183 183 
195 195 
201 201 
192 192 
179 179 
154 154 
149 149 
173 173 
178 178 
132 132 
120 120 
127 127 
104 104 
100 100 
102 102 
97 97 
104 104 
98 98 
92 92 
101 101 
104 104 
157 157 
227 227 
223 223 
124 124 
249 249 
236 236 
225 225 
214 214 
202 202 
182 182 
165 165 
169 169 
189 189 
204 204 
200 200 
179 179 
145 145 
131 131 
171 171 
176 176 
118 118 
100 100 
110 110 
89 89 
87 87 
87 87 
85 85 
91 91 
85 85 
85 85 
93 93 
94 94 
158 158 
230 230 
225 225 
150 150 
249 249 
238 238 
225 225 
215 215 
200 200 
171 171 
149 149 
162 162 
187 187 
210 210 
213 213 
183 183 
137 137 
115 115 
162 162 
156 156 
109 109 
88 88 
102 102 
80 80 
79 79 
75 75 
72 72 
78 78 
76 76 
80 80 
85 85 
88 88 
174 174 
230 230 
226 226 
113 113 
253 253 
239 239 
227 227 
218 218 
199 199 
166 166 
143 143 
156 156 
187 187 
217 217 
222 222 
191 191 
135 135 
111 111 
158 158 
191 191 
102 102 
83 83 
83 83 
74 74 
68 68 
67 67 
66 66 
68 68 
68 68 
78 78 
76 76 
85 85 
209 209 
227 227 
153 153 
48 48 
253 253 
241 241 
230 230 
219 219 
200 200 
167 167 
141 141 
147 147 
180 180 
213 213 
222 222 
195 195 
135 135 
114 114 
161 161 
206 206 
123 123 
79 79 
68 68 
66 66 
62 62 
57 57 
58 58 
61 61 
63 63 
72 72 
67 67 
98 98 
228 228 
158 158 
106 106 
44 44 
253 253 
241 241 
231 231 
221 221 
200 200 
166 166 
137 137 
134 134 
169 169 
204 204 
215 215 
192 192 
136 136 
117 117 
162 162 
206 206 
161 161 
74 74 
61 61 
58 58 
53 53 
57 57 
57 57 
54 54 
61 61 
66 66 
63 63 
132 132 
199 199 
105 105 
219 219 
147 147 
255 255 
243 243 
232 232 
222 222 
201 201 
166 166 
135 135 
127 127 
153 153 
188 188 
204 204 
183 183 
137 137 
130 130 
166 166 
206 206 
206 206 
80 80 
63 63 
55 55 
53 53 
50 50 
53 53 
52 52 
57 57 
61 61 
72 72 
210 210 
110 110 
202 202 
225 225 
225 225 
255 255 
244 244 
234 234 
223 223 
201 201 
165 165 
132 132 
123 123 
140 140 
169 169 
187 187 
173 173 
143 143 
141 141 
152 152 
189 189 
209 209 
144 144 
65 65 
57 57 
50 50 
53 53 
54 54 
52 52 
59 59 
57 57 
158 158 
187 187 
144 144 
228 228 
226 226 
222 222 
253 253 
244 244 
235 235 
225 225 
202 202 
166 166 
130 130 
122 122 
136 136 
154 154 
171 171 
170 170 
152 152 
130 130 
98 98 
127 127 
179 179 
214 214 
113 113 
100 100 
88 88 
61 61 
66 66 
67 67 
66 66 
109 109 
227 227 
167 167 
215 215 
228 228 
221 221 
186 186 
251 251 
244 244 
236 236 
225 225 
205 205 
167 167 
130 130 
120 120 
135 135 
152 152 
167 167 
170 170 
162 162 
150 150 
107 107 
114 114 
192 192 
219 219 
178 178 
174 174 
128 128 
102 102 
96 96 
76 76 
118 118 
221 221 
195 195 
206 206 
232 232 
234 234 
191 191 
68 68 
249 249 
241 241 
235 235 
225 225 
206 206 
169 169 
132 132 
122 122 
135 135 
149 149 
165 165 
170 170 
166 166 
161 161 
140 140 
147 147 
215 215 
219 219 
223 223 
223 223 
223 223 
227 227 
227 227 
204 204 
201 201 
156 156 
196 196 
231 231 
235 235 
236 236 
188 188 
117 117 
248 248 
240 240 
234 234 
225 225 
206 206 
170 170 
134 134 
130 130 
148 148 
160 160 
166 166 
174 174 
173 173 
167 167 
165 165 
187 187 
215 215 
222 222 
223 223 
226 226 
225 225 
225 225 
230 230 
230 230 
182 182 
163 163 
219 219 
235 235 
215 215 
136 136 
149 149 
214 214 
247 247 
241 241 
235 235 
226 226 
208 208 
171 171 
145 145 
161 161 
176 176 
188 188 
188 188 
175 175 
178 178 
175 175 
176 176 
193 193 
214 214 
223 223 
227 227 
227 227 
226 226 
228 228 
234 234 
219 219 
152 152 
236 236 
202 202 
134 134 
123 123 
219 219 
243 243 
240 240 
247 247 
243 243 
236 236 
226 226 
208 208 
175 175 
161 161 
174 174 
183 183 
196 196 
201 201 
183 183 
176 176 
160 160 
166 166 
188 188 
209 209 
221 221 
223 223 
227 227 
223 223 
226 226 
218 218 
135 135 
212 212 
240 240 
157 157 
94 94 
218 218 
243 243 
243 243 
243 243 
