0000001000110101
0000000111111101
0000000101010001
0000001011100101
0000000110110111
0000000101110111
0000010111110111
0000000110110110
0000001111010010
0000000111101101
0000001110101010
0000001001100011
0000001100111100
0000001100011101
0000001110101011
0000001001000110
0000010011110001
0000000100111100
0000010011101111
0000001001110111
0000001010011010
0000001001011100
0000001011001110
0000010010011110
0000001010010010
0000010011110010
0000011011011001
0000000101100110
0000000111000110
0000001001001011
0000000100100101
0000010011111101
0000000110101011
0000001011101101
0000001100100101
0000001110110110
0000000110110110
0000001011101111
0000001101100101
0000001111001011
0000000100111010
0000010111101010
0000011000110110
0000000100111011
0000000101011111
0000000110011011
0000011111001010
0000000110111001
0000000111001110
0000000111001001
0000000111100100
0000000101001011
0000011010010110
0000000111101100
0000010100101011
0000000100110111
0000000110101000
0000000101100110
0000000111011001
0000011000111011
0000001101110111
0000001001011110
0000000011110110
0000000011101001
0000000011010111
0000011011011000
0000000011110011
0000000110010111
0000000011100101
0000010100101101
0000001101101101
0000000011011110
0000000111110110
0000001110011101
0000011010010110
0000000101010011
0000001110100101
0000000011111001
0000001110101001
0000000111101111
0000011100100111
0000001100101010
0000001011110010
0000000100110101
0000010001101101
0000010110110010
0000001111111110
0000010110011101
0000000101111111
0000011011101111
0000001011100111
0000001111001010
0000000101011101
0000001111100100
0000000100111010
0000000110111111
0000000111101011
0000001100101101
0000010010101111
0000000011101101
0000001111111010
0000011011101011
0000010101110111
0000000101110111
0000000011101101
0000000101110110
0000000100110111
0000001111111101
0000001101001101
0000001010111010
0000001101110101
0000001101110100
0000000101010101
0000000101110111
0000010101110100
0000000101101111
0000000011110011
0000010001111010
0000000110100101
0000000101101101
0000000110110011
0000011110111011
0000001011111011
0000001001110111
0000000011101101
0000001111111110
0000001111110111
0000010001101001
0000001011011101
0000001110111101
0000000011111110
0000000100100111
0000000101111100
0000000011001110
0000001101110010
0000011001001011
0000010111111010
0000001001100111
0000000110100101
0000001100101010
0000010110110100
0000000111100011
0000001011111010
0000000011101000
0000000101011010
0000000011110011
0000001100011110
0000001110111011
0000000101100111
0000011101010010
